Footwear: 0.9618 BBox: 0.879, 0.305, 0.925, 0.327

Footwear: 0.9593 BBox: 0.882, 0.284, 0.922, 0.305

Footwear: 0.9571 BBox: 0.874, 0.401, 0.923, 0.418

Footwear: 0.9546 BBox: 0.87, 0.712, 0.916, 0.732

Footwear: 0.9518 BBox: 0.882, 0.605, 0.918, 0.623

Footwear: 0.95 BBox: 0.847, 0.587, 0.907, 0.604

Footwear: 0.9349 BBox: 0.878, 0.475, 0.917, 0.492

Tree: 0.9145 BBox: 0.009, 0.019, 0.451, 0.542

Footwear: 0.9127 BBox: 0.858, 0.393, 0.909, 0.407

Footwear: 0.8969 BBox: 0.812, 0.433, 0.844, 0.445

Footwear: 0.8747 BBox: 0.852, 0.49, 0.912, 0.506

Jeans: 0.8699 BBox: 0.511, 0.255, 0.917, 0.336

Footwear: 0.8203 BBox: 0.808, 0.453, 0.833, 0.465

Footwear: 0.8186 BBox: 0.8, 0.378, 0.834, 0.391

Jeans: 0.7921 BBox: 0.715, 0.273, 0.895, 0.326

Tree: 0.7851 BBox: 0.0, 0.512, 0.635, 0.998

Woman: 0.7693 BBox: 0.466, 0.36, 0.915, 0.449

Jeans: 0.7614 BBox: 0.567, 0.567, 0.901, 0.647

Footwear: 0.7287 BBox: 0.847, 0.494, 0.884, 0.51

Tree: 0.7216 BBox: 0.002, 0.005, 0.474, 0.14

Jeans: 0.7098 BBox: 0.493, 0.447, 0.914, 0.528

Footwear: 0.6929 BBox: 0.808, 0.424, 0.839, 0.437

Jeans: 0.6734 BBox: 0.728, 0.464, 0.887, 0.515

Woman: 0.6141 BBox: 0.464, 0.674, 0.922, 0.782

Human leg: 0.6032 BBox: 0.681, 0.577, 0.897, 0.634

...

Footwear: 0.3527 BBox: 0.844, 0.5, 0.875, 0.515

Footwear: 0.3395 BBox: 0.863, 0.396, 0.914, 0.413

Human hair: 0.3358 BBox: 0.443, 0.586, 0.505, 0.622

Tree: 0.3306 BBox: 0.6, 0.759, 0.805, 0.929